0 0.7055288461538461 0.2980769230769231 0.06009615384615385 0.11057692307692307
0 0.7716346153846154 0.3004807692307692 0.07932692307692307 0.15625
0 0.7295673076923077 0.37740384615384615 0.06009615384615385 0.10096153846153846
0 0.8112980769230769 0.3713942307692308 0.052884615384615384 0.07451923076923077
0 0.25240384615384615 0.5420673076923077 0.2860576923076923 0.4206730769230769
0 0.8449519230769231 0.4831730769230769 0.07692307692307693 0.14182692307692307
0 0.6694711538461539 0.5132211538461539 0.13221153846153846 0.25961538461538464
0 0.7908653846153846 0.5288461538461539 0.09134615384615384 0.16826923076923078
0 0.796875 0.6286057692307693 0.0889423076923077 0.11538461538461539
0 0.7548076923076923 0.6790865384615384 0.055288461538461536 0.08173076923076923
0 0.5829326923076923 0.24278846153846154 0.0889423076923077 0.14903846153846154
0 0.5192307692307693 0.25841346153846156 0.07932692307692307 0.1201923076923077