0 0.1310096153846154 0.23798076923076922 0.13942307692307693 0.11538461538461539
0 0.06490384615384616 0.7163461538461539 0.12980769230769232 0.11538461538461539
0 0.2932692307692308 0.03365384615384615 0.14903846153846154 0.0673076923076923
0 0.234375 0.1814903846153846 0.10817307692307693 0.07932692307692307
0 0.25841346153846156 0.14783653846153846 0.09615384615384616 0.07932692307692307
0 0.17427884615384615 0.5733173076923077 0.08653846153846154 0.08653846153846154
0 0.171875 0.65625 0.0889423076923077 0.07932692307692307
0 0.2548076923076923 0.44350961538461536 0.13701923076923078 0.11057692307692307
0 0.28125 0.37259615384615385 0.15144230769230768 0.11057692307692307
0 0.21754807692307693 0.6189903846153846 0.07692307692307693 0.07692307692307693
0 0.3401442307692308 0.31971153846153844 0.11778846153846154 0.10336538461538461
0 0.2848557692307692 0.5372596153846154 0.11778846153846154 0.125
0 0.38100961538461536 0.25841346153846156 0.11538461538461539 0.10576923076923077
0 0.26322115384615385 0.6201923076923077 0.08413461538461539 0.07932692307692307
0 0.4074519230769231 0.19831730769230768 0.11778846153846154 0.10817307692307693
0 0.24278846153846154 0.7584134615384616 0.15865384615384615 0.13942307692307693
0 0.36899038461538464 0.5060096153846154 0.15625 0.13701923076923078
0 0.46634615384615385 0.24519230769230768 0.09134615384615384 0.08173076923076923
0 0.3798076923076923 0.5973557692307693 0.1201923076923077 0.11778846153846154
0 0.47475961538461536 0.3449519230769231 0.14182692307692307 0.13221153846153846
0 0.34975961538461536 0.8040865384615384 0.20432692307692307 0.1658653846153846
0 0.4543269230769231 0.6165865384615384 0.11057692307692307 0.0889423076923077
0 0.5084134615384616 0.5685096153846154 0.13221153846153846 0.11538461538461539
0 0.625 0.21995192307692307 0.10336538461538461 0.10336538461538461
0 0.640625 0.3016826923076923 0.15865384615384615 0.14423076923076922
0 0.5817307692307693 0.49158653846153844 0.11778846153846154 0.11538461538461539
0 0.5997596153846154 0.7836538461538461 0.18509615384615385 0.17548076923076922
0 0.6899038461538461 0.5084134615384616 0.1201923076923077 0.10817307692307693
0 0.7632211538461539 0.34375 0.15865384615384615 0.13221153846153846
0 0.6814903846153846 0.6490384615384616 0.13701923076923078 0.11298076923076923
0 0.6514423076923077 0.9807692307692307 0.14903846153846154 0.03365384615384615
0 0.07451923076923077 0.30528846153846156 0.0889423076923077 0.09134615384615384
0 0.9098557692307693 0.5841346153846154 0.15625 0.14182692307692307
0 0.030048076923076924 0.5036057692307693 0.06009615384615385 0.08413461538461539
0 0.03125 0.5612980769230769 0.0625 0.11298076923076923
0 0.013221153846153846 0.6358173076923077 0.026442307692307692 0.07451923076923077