0 0.9314903846153846 0.8942307692307693 0.12740384615384615 0.20673076923076922
0 0.7536057692307693 0.8858173076923077 0.19230769230769232 0.16346153846153846
0 0.5637019230769231 0.8677884615384616 0.11778846153846154 0.10336538461538461
0 0.43509615384615385 0.8569711538461539 0.07692307692307693 0.05048076923076923
0 0.484375 0.5456730769230769 0.34615384615384615 0.23076923076923078
0 0.21033653846153846 0.5348557692307693 0.15625 0.12740384615384615
0 0.052884615384615384 0.5288461538461539 0.08653846153846154 0.04567307692307692
0 0.8425480769230769 0.5360576923076923 0.31009615384615385 0.24519230769230768
0 0.5048076923076923 0.23197115384615385 0.3701923076923077 0.2668269230769231
0 0.18269230769230768 0.21754807692307693 0.15625 0.10817307692307693
0 0.8762019230769231 0.22355769230769232 0.24278846153846154 0.25961538461538464
0 0.04326923076923077 0.2091346153846154 0.07211538461538461 0.057692307692307696
0 0.1141826923076923 0.02283653846153846 0.2091346153846154 0.04567307692307692