0 0.8449519230769231 0.054086538461538464 0.21394230769230768 0.10817307692307693
0 0.84375 0.22355769230769232 0.17307692307692307 0.19951923076923078
0 0.8401442307692307 0.41586538461538464 0.10817307692307693 0.12259615384615384
0 0.8377403846153846 0.5444711538461539 0.052884615384615384 0.07932692307692307
0 0.5216346153846154 0.5168269230769231 0.24278846153846154 0.35336538461538464
0 0.5300480769230769 0.7932692307692307 0.13221153846153846 0.16105769230769232
0 0.5348557692307693 0.953125 0.04807692307692308 0.0889423076923077
0 0.48677884615384615 0.15985576923076922 0.25721153846153844 0.31971153846153844
0 0.20432692307692307 0.5192307692307693 0.28125 0.37740384615384615
0 0.21394230769230768 0.84375 0.11298076923076923 0.15865384615384615
0 0.17067307692307693 0.14182692307692307 0.2644230769230769 0.2620192307692308
0 0.21514423076923078 0.9711538461538461 0.06009615384615385 0.052884615384615384