0 0.3942307692307692 0.1201923076923077 0.11538461538461539 0.13221153846153846
0 0.037259615384615384 0.36538461538461536 0.07451923076923077 0.13942307692307693
0 0.6574519230769231 0.08413461538461539 0.12980769230769232 0.13942307692307693
0 0.4963942307692308 0.15745192307692307 0.08173076923076923 0.10336538461538461
0 0.5336538461538461 0.15264423076923078 0.07692307692307693 0.09134615384615384
0 0.18990384615384615 0.359375 0.08173076923076923 0.08173076923076923
0 0.13221153846153846 0.40865384615384615 0.07692307692307693 0.08413461538461539
0 0.328125 0.3329326923076923 0.11057692307692307 0.12980769230769232
0 0.39302884615384615 0.3076923076923077 0.11298076923076923 0.14182692307692307
0 0.18509615384615385 0.4170673076923077 0.07692307692307693 0.07692307692307693
0 0.4651442307692308 0.31490384615384615 0.10096153846153846 0.11298076923076923
0 0.28365384615384615 0.41225961538461536 0.11778846153846154 0.11538461538461539
0 0.5348557692307693 0.30528846153846156 0.10336538461538461 0.11298076923076923
0 0.2127403846153846 0.4495192307692308 0.07932692307692307 0.08173076923076923
0 0.5913461538461539 0.28725961538461536 0.10576923076923077 0.11298076923076923
0 0.1045673076923077 0.5204326923076923 0.13701923076923078 0.15144230769230768
0 0.35697115384615385 0.45072115384615385 0.13701923076923078 0.15144230769230768
0 0.5973557692307693 0.35697115384615385 0.08173076923076923 0.0889423076923077
0 0.3004807692307692 0.515625 0.11538461538461539 0.11538461538461539
0 0.5324519230769231 0.42427884615384615 0.12740384615384615 0.13701923076923078
0 0.13942307692307693 0.6225961538461539 0.16346153846153846 0.19230769230769232
0 0.3329326923076923 0.578125 0.0889423076923077 0.10336538461538461
0 0.40024038461538464 0.5853365384615384 0.11538461538461539 0.125
0 0.7127403846153846 0.4495192307692308 0.0985576923076923 0.10096153846153846
0 0.6646634615384616 0.5108173076923077 0.14182692307692307 0.15384615384615385
0 0.4987980769230769 0.5889423076923077 0.11298076923076923 0.11298076923076923
0 0.3088942307692308 0.7824519230769231 0.17067307692307693 0.17548076923076922
0 0.5552884615384616 0.6742788461538461 0.11057692307692307 0.1201923076923077
0 0.7115384615384616 0.6213942307692307 0.1346153846153846 0.15144230769230768
0 0.453125 0.7536057692307693 0.11057692307692307 0.12980769230769232
0 0.18870192307692307 0.9483173076923077 0.0985576923076923 0.0985576923076923
0 0.30649038461538464 0.1141826923076923 0.09375 0.10096153846153846
0 0.6394230769230769 0.8725961538461539 0.14182692307692307 0.15144230769230768
0 0.13701923076923078 0.20072115384615385 0.08173076923076923 0.0889423076923077
0 0.08774038461538461 0.22596153846153846 0.11298076923076923 0.125
0 0.03245192307692308 0.26322115384615385 0.06490384615384616 0.0889423076923077