0 0.9471153846153846 0.12860576923076922 0.052884615384615384 0.04807692307692308
0 0.6959134615384616 0.08533653846153846 0.0625 0.052884615384615384
0 0.3004807692307692 0.020432692307692308 0.052884615384615384 0.040865384615384616
0 0.5336538461538461 0.1658653846153846 0.052884615384615384 0.04326923076923077
0 0.5997596153846154 0.10336538461538461 0.055288461538461536 0.04567307692307692
0 0.7572115384615384 0.4795673076923077 0.055288461538461536 0.05048076923076923
0 0.4735576923076923 0.32211538461538464 0.055288461538461536 0.05048076923076923
0 0.3605769230769231 0.31971153846153844 0.057692307692307696 0.055288461538461536
0 0.0985576923076923 0.33774038461538464 0.057692307692307696 0.055288461538461536
0 0.8882211538461539 0.265625 0.06490384615384616 0.052884615384615384
0 0.9362980769230769 0.29927884615384615 0.0625 0.05048076923076923
0 0.9615384615384616 0.18990384615384615 0.07211538461538461 0.0625
0 0.5829326923076923 0.3389423076923077 0.06009615384615385 0.05048076923076923
0 0.5276442307692307 0.2512019230769231 0.0625 0.05048076923076923
0 0.8329326923076923 0.5240384615384616 0.0625 0.057692307692307696
0 0.6887019230769231 0.21514423076923078 0.06009615384615385 0.05048076923076923
0 0.8786057692307693 0.47475961538461536 0.0673076923076923 0.0625
0 0.5997596153846154 0.22355769230769232 0.05048076923076923 0.04807692307692308
0 0.6754807692307693 0.15264423076923078 0.055288461538461536 0.04326923076923077
0 0.953125 0.6045673076923077 0.052884615384615384 0.04807692307692308
0 0.9350961538461539 0.5456730769230769 0.05048076923076923 0.04807692307692308