0 0.2283653846153846 0.16826923076923078 0.14182692307692307 0.07451923076923077
0 0.23197115384615385 0.08533653846153846 0.19230769230769232 0.09615384615384616
0 0.3269230769230769 0.13701923076923078 0.12740384615384615 0.07451923076923077
0 0.3245192307692308 0.042067307692307696 0.09615384615384616 0.05048076923076923
0 0.5228365384615384 0.7367788461538461 0.5192307692307693 0.3485576923076923
0 0.4675480769230769 0.02283653846153846 0.17548076923076922 0.04567307692307692
0 0.4951923076923077 0.21514423076923078 0.31971153846153844 0.15625
0 0.5180288461538461 0.06490384615384616 0.2091346153846154 0.11298076923076923
0 0.640625 0.06009615384615385 0.1466346153846154 0.10817307692307693
0 0.7043269230769231 0.1141826923076923 0.10336538461538461 0.0673076923076923
0 0.15625 0.3173076923076923 0.18269230769230768 0.10817307692307693
0 0.17548076923076922 0.40024038461538464 0.14903846153846154 0.09615384615384616