0 0.84375 0.09615384615384616 0.1875 0.19230769230769232
0 0.8425480769230769 0.2920673076923077 0.14423076923076922 0.16826923076923078
0 0.8365384615384616 0.4567307692307692 0.0889423076923077 0.10336538461538461
0 0.8317307692307693 0.5673076923076923 0.04326923076923077 0.06971153846153846
0 0.5600961538461539 0.5384615384615384 0.20673076923076922 0.3004807692307692
0 0.5637019230769231 0.7764423076923077 0.11057692307692307 0.13942307692307693
0 0.5661057692307693 0.9134615384615384 0.038461538461538464 0.07932692307692307
0 0.5360576923076923 0.18389423076923078 0.21634615384615385 0.36778846153846156
0 0.28966346153846156 0.5360576923076923 0.23798076923076922 0.32211538461538464
0 0.2920673076923077 0.8137019230769231 0.09615384615384616 0.1346153846153846
0 0.2644230769230769 0.17067307692307693 0.22596153846153846 0.3004807692307692
0 0.2920673076923077 0.9423076923076923 0.05048076923076923 0.07932692307692307
0 0.09375 0.8954326923076923 0.11057692307692307 0.20432692307692307