0 0.5192307692307693 0.9146634615384616 0.07692307692307693 0.06009615384615385
0 0.7800480769230769 0.8052884615384616 0.05048076923076923 0.038461538461538464
0 0.21033653846153846 0.8942307692307693 0.06009615384615385 0.04807692307692308
0 0.3449519230769231 0.9158653846153846 0.06490384615384616 0.055288461538461536
0 0.4206730769230769 0.8137019230769231 0.05048076923076923 0.04567307692307692
0 0.6490384615384616 0.7247596153846154 0.057692307692307696 0.05048076923076923
0 0.48677884615384615 0.8485576923076923 0.04807692307692308 0.04326923076923077
0 0.5360576923076923 0.8377403846153846 0.05048076923076923 0.05048076923076923
0 0.9435096153846154 0.8389423076923077 0.055288461538461536 0.04567307692307692
0 0.9915865384615384 0.5877403846153846 0.01201923076923077 0.04567307692307692
0 0.7427884615384616 0.5793269230769231 0.05048076923076923 0.04326923076923077
0 0.71875 0.6622596153846154 0.055288461538461536 0.04567307692307692
0 0.40384615384615385 0.43028846153846156 0.057692307692307696 0.05048076923076923
0 0.7151442307692307 0.41947115384615385 0.055288461538461536 0.05048076923076923
0 0.8088942307692307 0.36538461538461536 0.057692307692307696 0.055288461538461536
0 0.4014423076923077 0.671875 0.0625 0.05048076923076923
0 0.3449519230769231 0.6670673076923077 0.06009615384615385 0.04807692307692308
0 0.37740384615384615 0.7716346153846154 0.07211538461538461 0.057692307692307696
0 0.2860576923076923 0.8221153846153846 0.04567307692307692 0.038461538461538464
0 0.03485576923076923 0.5564903846153846 0.057692307692307696 0.057692307692307696
0 0.6153846153846154 0.45913461538461536 0.055288461538461536 0.04807692307692308
0 0.7043269230769231 0.5048076923076923 0.0625 0.05048076923076923
0 0.3173076923076923 0.43149038461538464 0.057692307692307696 0.055288461538461536
0 0.5901442307692307 0.6141826923076923 0.0625 0.05048076923076923
0 0.30408653846153844 0.4951923076923077 0.0673076923076923 0.06009615384615385
0 0.6586538461538461 0.5649038461538461 0.04807692307692308 0.04567307692307692
0 0.6322115384615384 0.6598557692307693 0.052884615384615384 0.040865384615384616
0 0.18028846153846154 0.4254807692307692 0.052884615384615384 0.04807692307692308
0 0.2247596153846154 0.4639423076923077 0.04807692307692308 0.04567307692307692
0 0.08413461538461539 0.31971153846153844 0.06971153846153846 0.055288461538461536
0 0.9759615384615384 0.78125 0.04326923076923077 0.0673076923076923
0 0.2692307692307692 0.859375 0.052884615384615384 0.04807692307692308