0 0.9495192307692307 0.6454326923076923 0.09615384615384616 0.0985576923076923
0 0.8641826923076923 0.14903846153846154 0.13701923076923078 0.08413461538461539
0 0.9014423076923077 0.9290865384615384 0.1346153846153846 0.10576923076923077
0 0.890625 0.734375 0.10576923076923077 0.057692307692307696
0 0.8798076923076923 0.7752403846153846 0.0889423076923077 0.0625
0 0.8016826923076923 0.3317307692307692 0.07451923076923077 0.07451923076923077
0 0.7716346153846154 0.25 0.07932692307692307 0.0673076923076923
0 0.7740384615384616 0.48677884615384615 0.12980769230769232 0.08653846153846154
0 0.7740384615384616 0.5661057692307693 0.14423076923076922 0.08413461538461539
0 0.7427884615384616 0.30288461538461536 0.06971153846153846 0.06490384615384616
0 0.7355769230769231 0.6382211538461539 0.10817307692307693 0.08173076923076923
0 0.7079326923076923 0.40865384615384615 0.10096153846153846 0.10817307692307693
0 0.71875 0.7151442307692307 0.10576923076923077 0.08653846153846154
0 0.6971153846153846 0.31850961538461536 0.07451923076923077 0.07211538461538461
0 0.7163461538461539 0.7824519230769231 0.10576923076923077 0.0889423076923077
0 0.6670673076923077 0.17548076923076922 0.14182692307692307 0.11298076923076923
0 0.6382211538461539 0.4699519230769231 0.14182692307692307 0.11298076923076923
0 0.640625 0.7584134615384616 0.08173076923076923 0.0673076923076923
0 0.5925480769230769 0.38461538461538464 0.10576923076923077 0.10096153846153846
0 0.5949519230769231 0.6646634615384616 0.125 0.11298076923076923
0 0.5456730769230769 0.17427884615384615 0.18990384615384615 0.12980769230769232
0 0.5144230769230769 0.39302884615384615 0.10096153846153846 0.07211538461538461
0 0.4795673076923077 0.46033653846153844 0.1201923076923077 0.09615384615384616
0 0.4963942307692308 0.84375 0.09134615384615384 0.08653846153846154
0 0.4519230769230769 0.7680288461538461 0.14182692307692307 0.1201923076923077
0 0.4375 0.5625 0.10096153846153846 0.0985576923076923
0 0.31009615384615385 0.2848557692307692 0.16105769230769232 0.15144230769230768
0 0.3245192307692308 0.5877403846153846 0.11057692307692307 0.09134615384615384
0 0.3161057692307692 0.7728365384615384 0.14423076923076922 0.10817307692307693
0 0.2800480769230769 0.44711538461538464 0.12740384615384615 0.0889423076923077
0 0.16947115384615385 0.07091346153846154 0.1346153846153846 0.0985576923076923
0 0.9795673076923077 0.5552884615384616 0.036057692307692304 0.08173076923076923
0 0.0829326923076923 0.5949519230769231 0.13942307692307693 0.11778846153846154
0 0.96875 0.34134615384615385 0.04567307692307692 0.0673076923076923
0 0.9555288461538461 0.2800480769230769 0.0673076923076923 0.09615384615384616
0 0.9543269230769231 0.20072115384615385 0.06009615384615385 0.055288461538461536