0 0.8064903846153846 0.8269230769230769 0.055288461538461536 0.0673076923076923
0 0.8641826923076923 0.5817307692307693 0.036057692307692304 0.04326923076923077
0 0.7163461538461539 0.9507211538461539 0.04807692307692308 0.057692307692307696
0 0.6826923076923077 0.84375 0.04326923076923077 0.04567307692307692
0 0.7379807692307693 0.6334134615384616 0.04807692307692308 0.055288461538461536
0 0.7427884615384616 0.8149038461538461 0.038461538461538464 0.04326923076923077
0 0.7596153846153846 0.7752403846153846 0.04567307692307692 0.04567307692307692
0 0.9735576923076923 0.4831730769230769 0.040865384615384616 0.05048076923076923
0 0.8269230769230769 0.3016826923076923 0.040865384615384616 0.04567307692307692
0 0.6826923076923077 0.49038461538461536 0.040865384615384616 0.04567307692307692
0 0.7295673076923077 0.5504807692307693 0.040865384615384616 0.05048076923076923
0 0.39783653846153844 0.65625 0.04567307692307692 0.052884615384615384
0 0.5528846153846154 0.42788461538461536 0.04567307692307692 0.05048076923076923
0 0.5637019230769231 0.3317307692307692 0.05048076923076923 0.052884615384615384
0 0.5673076923076923 0.10697115384615384 0.05048076923076923 0.052884615384615384
0 0.5709134615384616 0.7824519230769231 0.04807692307692308 0.057692307692307696
0 0.5372596153846154 0.8221153846153846 0.04567307692307692 0.055288461538461536
0 0.6298076923076923 0.8533653846153846 0.055288461538461536 0.06490384615384616
0 0.6177884615384616 0.9447115384615384 0.03365384615384615 0.040865384615384616
0 0.5300480769230769 0.5192307692307693 0.04326923076923077 0.05048076923076923
0 0.609375 0.4795673076923077 0.04807692307692308 0.057692307692307696
0 0.3545673076923077 0.7175480769230769 0.05048076923076923 0.052884615384615384
0 0.6286057692307693 0.6177884615384616 0.04807692307692308 0.055288461538461536
0 0.3942307692307692 0.7608173076923077 0.055288461538461536 0.0625
0 0.6274038461538461 0.5420673076923077 0.040865384615384616 0.04326923076923077
0 0.6826923076923077 0.6105769230769231 0.040865384615384616 0.04807692307692308
0 0.2776442307692308 0.8149038461538461 0.04567307692307692 0.04807692307692308
0 0.328125 0.8016826923076923 0.040865384615384616 0.04326923076923077
0 0.15264423076923078 0.828125 0.05048076923076923 0.0625
0 0.9555288461538461 0.4182692307692308 0.057692307692307696 0.06490384615384616
0 0.6382211538461539 0.9747596153846154 0.04567307692307692 0.04567307692307692